Count to 1000

CLH = [ 9.053 10.68 11.77 13.09 16.13 20.61 26.33 1235.3 ];
MCS = [ 8.31 9.16 10.58 12.25 14.56 16.85 27.80 1423.3 ];
java = [ 8.11 9.6 10.6 11.9 13.5 14.0 16.44 17.97 ];
Bakery = [ 7.43 10.04 11.2 12.9 17.2 24.7 30.12 1812.42 ];
EM = [ 7.12 7.45 10.0 11.48 13.34 14.04 16.05 17.17 ];
j_fair = [ 8.43 20.31 33.56 40.01 47.92 57.38 66.73 72.38 ];
SZY = [ 8.2 10.07 12.20 14.90 19.21 35.01 41.15 4351.03 ];

Low Contention 1-16

CLH [ 5.7 5.8 5.85 6.0 6.12 6.6 6.65 6.69 6.8 6.9 7.0 7.05 ];
MCS [ 5.65 5.7 6.1 6.0 5.9 6.11 6.27 6.38 6.37 6.49 6.53 6.75 6.96 6.86 6.88 6.99 ];
java [ 5.6 5.7 6.0 5.9 6.1 6.15 6.14 6.15 6.35 6.39 6.43 6.46 6.87 6.83 6.6 6.84 ];
Bakery [ 5.9 5.8 5.7 6.0 6.05 6.27 6.4 6.4 6.45 6.75 6.85 6.70 6.6 6.9 6.95 7.01 ];
EM [ 5.8 6.1 6.0 6.2 6.3 6.3 6.35 6.32 6.4 6.6 6.65 6.7 6.6 7.05 7.05 7.1 ];
j_fair [ 6.23 6.8 6.2 6.3 6.5 6.7 7.0 6.8 6.6 6.7 6.85 7.05 6.95 7.1 7.15 7.2 ];
SZY [ 5.9 5.8 5.7 6.0 5.9 6.12 6.25 6.34 6.47 6.37 6.61 6.60 6.55 6.79 6.77 7.0 ];
